crossing time (s)	slope (V/s)	crossing number
4251.996507	-114.396121	3265
4253.039575	-108.136611	3266
4254.070879	-108.678354	3267
4255.110267	-109.727103	3268
4256.141337	-109.904113	3269
4257.162966	-109.999428	3270
4258.214708	-112.732977	3271
4259.246377	-105.289670	3272
4260.278082	-112.123978	3273
4261.326533	-106.068020	3274
4262.353126	-109.938413	3275
4263.387176	-110.705298	3276
4264.429278	-110.272504	3277
4265.455072	-105.450079	3278
4266.498621	-112.292603	3279
4267.541806	-104.976016	3280
4268.576510	-110.686808	3281
4269.610275	-109.805265	3282
4270.643795	-109.095226	3283
4271.673299	-106.147004	3284
4272.715997	-111.198773	3285
4273.750944	-104.622502	3286
4274.788698	-110.802212	3287
4275.836461	-108.711539	3288
4276.851624	-108.322701	3289
4277.886203	-107.759454	3290
4278.931240	-109.248784	3291
4279.965635	-104.554111	3292
4281.000072	-109.807010	3293
4282.038986	-107.570469	3294
4283.071717	-108.008916	3295
4284.101922	-108.789630	3296
4285.148132	-107.830522	3297
4286.186941	-105.724887	3298
4287.225008	-108.449284	3299
4288.253866	-107.830300	3300
4289.286818	-106.682889	3301
4290.325854	-108.568278	3302
4291.363680	-106.864405	3303
4292.393016	-105.881455	3304
4293.436612	-107.599083	3305
4294.466405	-107.294469	3306
4295.502079	-106.787852	3307
4296.539907	-108.397369	3308
4297.571619	-106.658879	3309
4298.621253	-106.388826	3310
4299.647713	-106.748323	3311
4300.679739	-105.972761	3312
4301.715264	-105.958842	3313
4302.753126	-107.752531	3314
4303.790022	-105.132071	3315
4304.831619	-106.715283	3316
4305.855857	-106.411607	3317
4306.901399	-106.244211	3318
4307.934893	-107.479326	3319
4308.963994	-106.276171	3320
4310.007152	-104.653427	3321
4311.040636	-106.510360	3322
4312.074637	-105.075495	3323
4313.111103	-106.094367	3324
4314.155082	-107.495589	3325
4315.183334	-105.226335	3326
4316.221126	-105.901976	3327
4317.262742	-104.842367	3328
4318.290199	-105.807899	3329
4319.325973	-106.688064	3330
4320.364040	-105.872275	3331
4321.397132	-104.828254	3332
4322.439067	-106.849760	3333
4323.477987	-103.278824	3334
4324.513719	-105.432985	3335
4325.559156	-105.409015	3336
4326.578529	-105.993158	3337
4327.607108	-104.045207	3338
4328.658406	-106.412232	3339
4329.687583	-103.597656	3340
4330.720573	-106.655731	3341
4331.760812	-103.262353	3342
4332.781191	-105.494455	3343
4333.823963	-103.192043	3344
4334.869305	-104.470419	3345
4335.905273	-102.386373	3346
4336.939347	-106.291059	3347
4337.974274	-102.158472	3348
4339.010420	-105.638584	3349
4340.047018	-103.005579	3350
4341.076993	-104.216080	3351
4342.120833	-102.721042	3352
4343.149733	-104.240178	3353
4344.187209	-101.603919	3354
4345.229730	-104.654259	3355
4346.261313	-101.854417	3356
4347.285377	-104.073708	3357
4348.327650	-102.287354	3358
4349.377113	-103.454046	3359
4350.410642	-101.582058	3360
4351.447193	-104.328346	3361
4352.477274	-102.091399	3362
4353.506357	-103.217028	3363
4354.543908	-102.535166	3364
4355.584247	-101.463828	3365
4356.618924	-102.606426	3366
4357.648615	-102.986384	3367
4358.688516	-101.262581	3368
4359.727319	-102.137992	3369
4360.770435	-101.992615	3370
4361.789155	-101.403690	3371
4362.830899	-101.747301	3372
4363.877277	-102.436638	3373
4364.908079	-102.438506	3374
4365.934176	-101.604881	3375
4366.971444	-101.105823	3376
4368.013839	-100.617352	3377
4369.050816	-100.772944	3378
4370.092829	-102.186549	3379
4371.129211	-101.513402	3380
4372.157002	-102.281771	3381
4373.188817	-101.337738	3382
4374.217458	-100.399896	3383
4375.265915	-101.192805	3384
4376.300194	-100.205245	3385
4377.342381	-100.328242	3386
4378.373560	-101.100568	3387
4379.410950	-100.575004	3388
4380.440899	-100.152935	3389
4381.480769	-100.435183	3390
4382.512285	-99.793615	3391
4383.551227	-100.595170	3392
4384.592390	-99.925393	3393
4385.629191	-100.229395	3394
4386.656153	-100.080476	3395
4387.691023	-100.185683	3396
4388.730281	-100.361459	3397
4389.771582	-99.342447	3398
4390.800054	-99.390829	3399
4391.842608	-98.812606	3400
4392.874637	-100.217564	3401
4393.911835	-98.909071	3402
4394.940476	-100.254582	3403
4395.976190	-98.108783	3404
4397.008892	-98.718074	3405
4398.053070	-98.427353	3406
4399.087347	-98.821134	3407
4400.122384	-97.861445	3408
4401.162137	-99.597232	3409
4402.193523	-97.062231	3410
4403.226335	-98.886025	3411
4404.269698	-97.576247	3412
4405.305547	-98.545079	3413
4406.335483	-96.737398	3414
4407.375422	-97.980537	3415
4408.417342	-96.710928	3416
4409.439402	-98.370935	3417
4410.472098	-97.226009	3418
4411.513906	-97.478152	3419
4412.555899	-96.655473	3420
4413.589799	-97.385323	3421
4414.627689	-96.709035	3422
4415.663142	-99.042595	3423
4416.695917	-96.081833	3424
4417.739193	-97.681249	3425
4418.764902	-96.784727	3426
4419.807581	-96.337549	3427
4420.836597	-96.121725	3428
4421.872098	-97.073984	3429
4422.905916	-95.925347	3430
4423.947691	-96.597031	3431
4424.984394	-96.083369	3432
4426.018780	-96.136273	3433
4427.054085	-96.048070	3434
4428.090290	-96.018282	3435
4429.124020	-95.872713	3436
4430.154824	-96.384566	3437
4431.193863	-95.212860	3438
4432.232117	-95.632694	3439
4433.272536	-95.211086	3440
4434.314990	-96.007039	3441
4435.333241	-95.931601	3442
4436.370894	-94.890706	3443
4437.412283	-94.978886	3444
4438.442746	-94.928029	3445
4439.488080	-95.060337	3446
4440.518700	-94.875569	3447
4441.546707	-94.623973	3448
4442.589929	-94.392112	3449
4443.622211	-94.094360	3450
4444.655337	-94.727036	3451
4445.706498	-94.457971	3452
4446.738386	-94.505010	3453
4447.763983	-94.279799	3454
4448.804025	-94.087207	3455
4449.835099	-94.228178	3456
4450.876193	-93.430813	3457
4451.908739	-93.913033	3458
4452.948642	-93.825358	3459
4453.990053	-93.732455	3460
4455.026667	-94.169498	3461
4456.045907	-94.153468	3462
4457.089224	-93.232752	3463
4458.125776	-92.228463	3464
4459.160128	-93.426287	3465
4460.209899	-92.104086	3466
4461.237702	-93.318218	3467
4462.270115	-93.224753	3468
4463.304127	-93.227941	3469
4464.334925	-92.488858	3470
4465.374654	-92.920528	3471
4466.410956	-92.380526	3472
4467.450402	-93.107961	3473
4468.492143	-92.749876	3474
4469.528564	-92.626201	3475
4470.553447	-92.557923	3476
4471.591078	-93.256279	3477
4472.621427	-91.742749	3478
4473.665456	-92.427028	3479
4474.700113	-91.910014	3480
4475.744793	-91.601342	3481
4476.781535	-91.757110	3482
4477.814337	-92.235587	3483
4478.837005	-91.269230	3484
4479.871794	-92.165521	3485
4480.912625	-90.490155	3486
4481.949120	-90.792096	3487
4482.986718	-91.051710	3488
4484.026438	-91.826871	3489
4485.060698	-90.576637	3490
4486.088528	-91.319855	3491
4487.125927	-90.286281	3492
4488.157942	-90.664137	3493
4489.197679	-90.227535	3494
4490.230715	-90.307702	3495
4491.276096	-90.207186	3496
4492.314333	-90.893195	3497
4493.340462	-90.200161	3498
4494.388845	-89.784511	3499
4495.412266	-90.049069	3500
4496.447093	-89.831437	3501
4497.495853	-91.012232	3502
4498.520871	-89.617327	3503
4499.557508	-89.546041	3504
4500.594798	-90.048688	3505
4501.626332	-89.709042	3506
4502.654861	-89.926188	3507
4503.696165	-88.901958	3508
4504.734464	-89.496776	3509
4505.780959	-88.959563	3510
4506.806303	-88.642522	3511
4507.847970	-88.648244	3512
4508.881800	-88.767846	3513
4509.912912	-88.614025	3514
4510.949404	-88.952618	3515
4511.984847	-88.508722	3516
4513.022370	-88.846772	3517
4514.055344	-87.973512	3518
4515.095212	-87.856067	3519
4516.133880	-88.771807	3520
4517.159057	-88.009330	3521
4518.193043	-88.386701	3522
4519.228676	-87.548537	3523
4520.289702	-86.642722	3524
4521.302646	-87.951893	3525
4522.349669	-87.624400	3526
4523.388837	-86.757845	3527
4524.422268	-87.066378	3528
4525.446300	-86.873538	3529
4526.497431	-86.851853	3530
4527.527407	-87.233663	3531
4528.557859	-86.713202	3532
4529.605846	-87.282289	3533
4530.633617	-86.736900	3534
4531.664711	-87.096375	3535
4532.701695	-86.404855	3536
4533.733611	-86.300109	3537
4534.771827	-86.151465	3538
4535.813813	-85.841162	3539
4536.853126	-86.185136	3540
4537.882438	-85.625191	3541
4538.913783	-85.272066	3542
4539.949282	-86.174329	3543
4540.989488	-86.117419	3544
4542.025446	-85.633093	3545
4543.068196	-85.709126	3546
4544.099475	-86.154979	3547
4545.139852	-86.057100	3548
4546.165203	-85.509602	3549
4547.194271	-85.216758	3550
4548.235181	-85.564300	3551
4549.282363	-84.735002	3552
4550.313182	-85.217392	3553
4551.345807	-84.772194	3554
4552.384269	-85.233332	3555
4553.414858	-85.036587	3556
4554.449548	-84.866837	3557
4555.491057	-84.189127	3558
4556.521613	-83.921806	3559
4557.566004	-84.119678	3560
4558.595459	-84.311329	3561
4559.635423	-84.636062	3562
4560.670445	-84.471482	3563
4561.702102	-84.214655	3564
4562.732465	-84.279526	3565
4563.772662	-83.583111	3566
4564.808000	-83.468815	3567
4565.849702	-83.612132	3568
4566.883610	-83.797096	3569
4567.921796	-83.636678	3570
4568.960983	-83.271690	3571
4569.992422	-83.540107	3572
4571.026294	-83.849537	3573
4572.058771	-82.653433	3574
4573.097707	-82.620022	3575
4574.137190	-82.568236	3576
4575.167522	-83.014112	3577
4576.208142	-83.063777	3578
4577.240624	-82.444947	3579
4578.275978	-82.649687	3580
4579.302207	-82.218579	3581
4580.344559	-82.241714	3582
4581.389162	-82.133640	3583
4582.429144	-81.374379	3584
4583.460132	-81.904869	3585
4584.484154	-81.455252	3586
4585.522426	-81.875627	3587
4586.561203	-81.448632	3588
4587.597014	-80.635063	3589
4588.634894	-81.546702	3590
4589.672632	-81.480601	3591
4590.701989	-81.848087	3592
4591.734260	-82.033766	3593
4592.778958	-81.004775	3594
4593.809789	-81.318876	3595
4594.850845	-80.970041	3596
4595.887580	-80.404445	3597
4596.928147	-80.927654	3598
4597.956890	-81.034915	3599
4598.989037	-80.751828	3600
4600.020810	-79.707366	3601
4601.061751	-79.940531	3602
4602.101872	-80.146528	3603
4603.138161	-80.050244	3604
4604.166762	-80.545125	3605
4605.200101	-80.267423	3606
4606.239450	-79.663544	3607
4607.277002	-80.415684	3608
4608.317256	-79.278690	3609
4609.352365	-79.449126	3610
4610.387302	-79.675104	3611
4611.418494	-79.817861	3612
4612.449250	-79.347389	3613
4613.486624	-79.533203	3614
4614.525347	-79.121404	3615
4615.567481	-79.613405	3616
4616.596993	-78.972803	3617
4617.637724	-79.457625	3618
4618.668055	-78.574494	3619
4619.704680	-78.791381	3620
4620.738376	-78.422134	3621
4621.783682	-78.412951	3622
4622.815127	-78.486484	3623
4623.846400	-78.562328	3624
4624.878439	-78.490563	3625
4625.917977	-78.032258	3626
4626.956051	-78.174688	3627
4627.992437	-78.233858	3628
4629.028696	-77.714786	3629
4630.062845	-77.971487	3630
4631.099559	-77.530420	3631
4632.133089	-77.790548	3632
4633.165336	-77.285922	3633
4634.200671	-77.222990	3634
4635.239250	-77.694910	3635
4636.285633	-77.384857	3636
4637.306421	-77.738998	3637
4638.347916	-77.520553	3638
4639.387513	-77.292421	3639
4640.423594	-77.435864	3640
4641.459739	-76.655954	3641
4642.480439	-76.453061	3642
4643.521274	-76.112098	3643
4644.568882	-76.203049	3644
4645.603208	-76.521269	3645
4646.632083	-76.525303	3646
4647.679330	-75.261717	3647
4648.700535	-76.874494	3648
4649.735775	-77.987136	3649
4650.774494	-76.320299	3650
4651.813908	-75.985643	3651
4652.848337	-75.907291	3652
4653.883736	-75.007486	3653
4654.927584	-76.248525	3654
4655.957108	-75.835537	3655
4656.993747	-75.447448	3656
4658.022409	-75.267019	3657
4659.056033	-75.338157	3658
4660.097219	-75.122352	3659
4661.133457	-75.746004	3660
4662.166932	-75.209003	3661
4663.207183	-75.073421	3662
4664.243702	-75.361849	3663
