crossing time (s)	slope (V/s)	crossing number
5964.242988	-126.469259	4852
5965.250886	-130.200311	4853
5966.295127	-129.716231	4854
5967.327073	-127.160056	4855
5968.362936	-131.771063	4856
5969.413538	-133.242077	4857
5970.454400	-123.661693	4858
5971.460851	-128.925698	4859
5972.517426	-129.611929	4860
5973.549190	-125.989329	4861
5974.563110	-128.835508	4862
5975.620320	-131.577473	4863
5976.658612	-127.685816	4864
5977.692765	-127.757752	4865
5978.756328	-133.868169	4866
5979.773689	-126.380636	4867
5980.790968	-128.980553	4868
5981.837607	-131.474600	4869
5982.882948	-124.804460	4870
5983.897267	-127.968414	4871
5984.960456	-134.751577	4872
5986.003686	-125.805812	4873
5987.020411	-125.731744	4874
5988.050768	-129.130524	4875
5989.117041	-127.113059	4876
5990.114681	-121.858424	4877
5991.159393	-132.850845	4878
5992.211618	-122.194622	4879
5993.246047	-126.929277	4880
5994.277607	-124.613758	4881
5995.332459	-125.087630	4882
5996.345260	-121.565810	4883
5997.402137	-131.037789	4884
5998.418217	-123.273304	4885
5999.452918	-126.429761	4886
6000.487755	-123.849099	4887
6001.531577	-121.889035	4888
6002.554310	-120.750562	4889
6003.611050	-124.751515	4890
6004.644441	-120.071503	4891
6005.687220	-125.541122	4892
6006.720053	-122.153929	4893
6007.750237	-122.900941	4894
6008.778751	-121.034343	4895
6009.831229	-121.630354	4896
6010.850540	-119.651924	4897
6011.906915	-126.662395	4898
6012.938645	-115.248418	4899
6013.960534	-124.929120	4900
6015.004254	-117.830022	4901
6016.046528	-121.961504	4902
6017.080294	-120.754260	4903
6018.129239	-121.860347	4904
6019.148020	-117.714529	4905
6020.181991	-122.958772	4906
6021.225963	-116.246517	4907
6022.266461	-122.371298	4908
6023.304198	-117.182557	4909
6024.329103	-119.193932	4910
6025.373573	-118.918224	4911
6026.413320	-119.606398	4912
6027.435927	-119.131650	4913
6028.492981	-117.962914	4914
6029.505540	-116.907489	4915
6030.566469	-119.981172	4916
6031.581892	-117.993560	4917
6032.628917	-118.181333	4918
6033.660912	-118.229754	4919
6034.707300	-115.595040	4920
6035.736746	-118.600447	4921
6036.777091	-114.456842	4922
6037.798475	-116.504912	4923
6038.848721	-115.385154	4924
6039.867694	-114.675931	4925
6040.920083	-115.756500	4926
6041.949925	-118.215221	4927
6042.997226	-113.361834	4928
6044.008640	-117.244932	4929
6045.074939	-113.508516	4930
6046.088256	-112.806802	4931
6047.134315	-114.180706	4932
6048.167540	-115.394601	4933
6049.201523	-111.369248	4934
6050.229900	-116.613091	4935
6051.288322	-111.735121	4936
6052.309373	-111.650794	4937
6053.350599	-114.071214	4938
6054.393979	-112.460571	4939
6055.405647	-111.881125	4940
6056.448123	-113.169355	4941
6057.501402	-111.795196	4942
6058.536595	-108.751055	4943
6059.566821	-113.455487	4944
6060.612740	-108.511600	4945
6061.637724	-111.457280	4946
6062.679866	-108.579542	4947
6063.713563	-111.670457	4948
6064.751898	-105.504626	4949
6065.780423	-114.042228	4950
6066.827060	-105.389755	4951
6067.856607	-112.126980	4952
6068.902171	-105.842268	4953
6069.934089	-111.352292	4954
6070.970016	-103.549329	4955
6072.007141	-112.327635	4956
6073.039658	-101.908498	4957
6074.084249	-111.057512	4958
6075.110051	-102.414880	4959
6076.153829	-109.207991	4960
6077.180012	-101.982977	4961
6078.234173	-109.714145	4962
6079.251340	-100.377620	4963
6080.309599	-110.565884	4964
6081.327619	-100.719601	4965
6082.367731	-108.348434	4966
6083.394760	-100.496310	4967
6084.449499	-107.762693	4968
6085.460340	-98.734737	4969
6086.522230	-108.321171	4970
6087.548257	-97.272251	4971
6088.589224	-107.903378	4972
6089.624992	-99.253201	4973
6090.673730	-105.827217	4974
6091.690832	-98.023722	4975
6092.735823	-104.677746	4976
6093.768854	-97.849322	4977
6094.808056	-106.158124	4978
6095.836962	-96.394406	4979
6096.875138	-104.428781	4980
6097.909814	-97.866282	4981
6098.945769	-102.571443	4982
6099.987367	-98.657117	4983
6101.023946	-101.861121	4984
6102.051482	-98.117395	4985
6103.098173	-101.040945	4986
6104.128915	-98.134397	4987
6105.173797	-99.924469	4988
6106.206188	-98.917223	4989
6107.236362	-98.424198	4990
6108.264204	-98.510875	4991
6109.314753	-97.508170	4992
6110.328859	-98.149838	4993
6111.380342	-97.682801	4994
6112.414134	-98.282920	4995
6113.454897	-96.477628	4996
6114.483907	-97.204829	4997
6115.531538	-95.734669	4998
6116.561601	-97.693350	4999
6117.602821	-95.264532	5000
6118.634948	-96.571243	5001
6119.673365	-95.137250	5002
6120.706763	-96.043744	5003
6121.754808	-94.651852	5004
6122.779983	-95.335484	5005
6123.819034	-93.739249	5006
6124.857163	-95.004928	5007
6125.890435	-93.386716	5008
6126.913527	-93.929422	5009
6127.968058	-93.447834	5010
6128.995611	-94.151888	5011
6130.036764	-93.312478	5012
6131.072394	-93.202068	5013
6132.114780	-92.869626	5014
6133.146312	-91.570425	5015
6134.187530	-93.102601	5016
6135.216079	-91.288086	5017
6136.251643	-92.809160	5018
6137.285519	-90.516177	5019
6138.329525	-93.355999	5020
6139.367424	-89.465524	5021
6140.389176	-94.249611	5022
6141.434412	-87.467338	5023
6142.464081	-93.383470	5024
6143.506916	-87.346304	5025
6144.544183	-93.896355	5026
6145.582376	-86.400673	5027
6146.616280	-94.210310	5028
6147.657186	-85.212460	5029
6148.691076	-94.389706	5030
6149.723776	-86.137831	5031
6150.759598	-93.223150	5032
6151.794147	-84.861997	5033
6152.832510	-93.085368	5034
6153.864963	-83.401900	5035
6154.913216	-92.942581	5036
6155.939706	-83.441890	5037
6156.978009	-92.824972	5038
6158.010756	-84.185043	5039
6158.884511	-87.891126	5040
6160.086202	-82.169892	5041
6161.135242	-91.347856	5042
6162.157981	-82.711420	5043
6163.198021	-90.834571	5044
6164.231182	-82.758797	5045
6165.263723	-89.522579	5046
6166.306270	-82.804879	5047
6167.340874	-90.608315	5048
6168.379826	-81.444847	5049
6169.411212	-89.805390	5050
6170.447052	-82.095140	5051
6171.478511	-88.024408	5052
6172.518969	-82.124676	5053
6173.563020	-87.564946	5054
6174.588548	-83.619690	5055
6175.628765	-86.677121	5056
6176.666654	-82.474591	5057
6177.699620	-86.313286	5058
6178.740910	-82.930201	5059
6179.775786	-84.748562	5060
6180.809515	-83.067246	5061
6181.841511	-83.764584	5062
6182.883750	-83.024965	5063
6183.920050	-83.096894	5064
6184.952869	-82.912841	5065
6185.992612	-82.604547	5066
6187.027438	-82.578613	5067
6188.065001	-81.408026	5068
6189.097041	-82.726434	5069
6190.144486	-80.549387	5070
6191.169656	-83.167376	5071
6192.215408	-80.960778	5072
6193.250216	-82.204861	5073
6194.286430	-80.864106	5074
6195.310643	-81.927753	5075
6196.356209	-80.318445	5076
6197.391747	-81.428335	5077
6198.429534	-80.194168	5078
6199.459462	-80.790076	5079
6200.498162	-79.682088	5080
6201.530344	-80.527360	5081
6202.574624	-79.414036	5082
6203.602542	-80.958814	5083
6204.645891	-79.249373	5084
6205.677809	-80.434733	5085
6206.719894	-78.695522	5086
6207.748263	-80.010646	5087
6208.796063	-79.426353	5088
6209.826885	-79.143546	5089
6210.857470	-79.146900	5090
6211.891541	-78.550505	5091
6212.932097	-79.948659	5092
6213.964267	-77.875111	5093
6215.010044	-79.411094	5094
6216.038174	-77.283079	5095
6217.073714	-79.459936	5096
6218.120442	-76.171136	5097
6219.148970	-79.955844	5098
6220.190546	-75.799816	5099
6221.227305	-79.759910	5100
6222.259086	-74.708883	5101
6223.293732	-79.667811	5102
6224.327784	-73.949454	5103
6225.364474	-79.779157	5104
6226.409688	-73.142246	5105
6227.442341	-79.985003	5106
6228.469738	-72.816497	5107
6229.504723	-79.655084	5108
6230.543606	-72.227778	5109
6231.592907	-79.574986	5110
6232.620353	-71.979259	5111
6233.659535	-79.786129	5112
6234.690223	-70.843862	5113
6235.721762	-78.802531	5114
6236.757525	-70.578089	5115
6237.806452	-78.962864	5116
6238.831693	-71.099763	5117
6239.872785	-78.823623	5118
6240.906001	-70.595342	5119
6241.944418	-78.588818	5120
6242.980088	-69.718619	5121
6244.016219	-77.880937	5122
6245.061105	-70.306630	5123
6246.089240	-77.783619	5124
6247.116956	-70.010209	5125
6248.161341	-76.338123	5126
6249.197179	-70.277831	5127
6250.237095	-76.527744	5128
6251.270907	-70.694909	5129
6252.306060	-75.973933	5130
6253.340850	-70.470540	5131
6254.377993	-75.284296	5132
6255.415516	-70.920485	5133
6256.453464	-74.043611	5134
6257.487030	-70.865973	5135
6258.525899	-73.382514	5136
6259.559662	-71.346991	5137
6260.590446	-72.506078	5138
6261.626061	-71.378283	5139
6262.666613	-72.439631	5140
6263.702112	-71.138671	5141
6264.746352	-71.688845	5142
6265.772026	-71.083866	5143
6266.812261	-71.122869	5144
6267.841959	-71.118108	5145
6268.882253	-70.898420	5146
6269.916171	-70.938038	5147
6270.961108	-69.992074	5148
6271.991375	-70.371263	5149
6273.023920	-70.060955	5150
6274.060450	-70.547264	5151
6275.105383	-69.808659	5152
6276.131870	-70.227176	5153
6277.181090	-69.846084	5154
6278.206799	-69.097793	5155
6279.246892	-69.647155	5156
6280.278432	-69.696327	5157
6281.323831	-69.448870	5158
6282.346268	-69.479025	5159
6283.388147	-68.997141	5160
6284.421048	-68.969200	5161
6285.462149	-69.415912	5162
6286.491539	-68.965814	5163
6287.534603	-69.100211	5164
6288.559348	-68.211184	5165
6289.607230	-68.606030	5166
6290.637636	-67.666610	5167
6291.679570	-69.065020	5168
6292.713087	-67.360747	5169
6293.746057	-69.202066	5170
6294.781146	-66.638950	5171
6295.818112	-68.837273	5172
6296.853756	-66.225282	5173
6297.887608	-68.382443	5174
6298.931522	-65.848980	5175
6299.968233	-69.261868	5176
6301.002264	-65.179739	5177
6302.029170	-69.514125	5178
6303.067213	-64.491758	5179
6304.101528	-69.006503	5180
6305.150641	-64.027559	5181
6306.182183	-69.630680	5182
6307.213230	-63.405972	5183
6308.255281	-69.469635	5184
6309.286227	-63.074047	5185
6310.328092	-69.556302	5186
6311.360251	-63.148678	5187
6312.397618	-68.854818	5188
6313.441148	-63.037083	5189
6314.475549	-68.687177	5190
6315.512232	-62.040867	5191
6316.541291	-68.828567	5192
6317.575878	-61.706734	5193
6318.614284	-68.220440	5194
6319.650153	-61.574004	5195
6320.690101	-67.629518	5196
6321.722161	-61.777648	5197
6322.762973	-67.863565	5198
6323.794639	-61.738489	5199
6324.828011	-67.580264	5200
6325.863140	-61.612546	5201
6326.902708	-67.183920	5202
6327.938511	-61.455707	5203
6328.969604	-66.242767	5204
6330.009955	-61.817174	5205
6331.046398	-66.320351	5206
6332.080047	-61.940873	5207
6333.113718	-64.972554	5208
6334.160001	-61.885206	5209
6335.191266	-64.963092	5210
6336.221672	-62.068280	5211
6337.270810	-64.079322	5212
6338.302036	-62.180033	5213
6339.328240	-63.631598	5214
6340.369802	-62.053277	5215
6341.410004	-63.365806	5216
6342.436304	-62.223076	5217
6343.485129	-62.911648	5218
6344.510843	-61.364294	5219
6345.552770	-62.145312	5220
6346.579884	-62.372493	5221
6347.620389	-61.972290	5222
6348.651305	-62.066071	5223
6349.703834	-62.475538	5224
6350.725981	-62.083238	5225
6351.768083	-62.034788	5226
6352.796874	-61.915881	5227
6353.839963	-61.505753	5228
6354.864883	-60.967475	5229
6355.916878	-61.324303	5230
6356.944644	-60.777206	5231
6357.985404	-61.146711	5232
6359.016767	-61.136575	5233
6360.060603	-61.156143	5234
6361.084761	-60.864068	5235
6362.133744	-60.687680	5236
6363.164489	-60.505039	5237
6364.203808	-60.936230	5238
6365.224000	-60.060281	5239
6366.269728	-60.605896	5240
6367.298207	-60.235147	5241
6368.347260	-60.570157	5242
6369.373654	-60.360549	5243
6370.415236	-60.869068	5244
6371.449321	-59.611851	5245
6372.486734	-60.437502	5246
6373.516858	-59.178949	5247
6374.562998	-60.171139	5248
6375.593454	-58.507360	5249
6376.628508	-60.480674	5250
6377.668096	-58.238417	5251
6378.705059	-61.009670	5252
6379.740183	-57.666784	5253
6380.764247	-60.824431	5254
6381.809274	-57.177209	5255
6382.839216	-61.283472	5256
6383.890710	-56.902399	5257
6384.915873	-60.951608	5258
6385.959031	-56.398724	5259
6386.990287	-61.024166	5260
6388.027591	-56.015696	5261
6389.059502	-60.629947	5262
6390.096918	-55.486136	5263
6391.135798	-61.031148	5264
6392.167779	-54.974285	5265
6393.211894	-60.597720	5266
6394.240751	-55.615297	5267
6395.275524	-61.076515	5268
6396.315513	-55.161363	5269
6397.341637	-60.304931	5270
6398.391532	-55.475700	5271
6399.420120	-60.040050	5272
6400.461365	-54.572511	5273
6401.492406	-59.650543	5274
