crossing time (s)	slope (V/s)	crossing number
5363.315297	-102.540212	4314
5364.348532	-100.794551	4315
5365.368416	-103.771546	4316
5366.429488	-108.747949	4317
5367.463464	-100.790478	4318
5368.490667	-104.724325	4319
5369.537136	-103.257061	4320
5370.569702	-98.917623	4321
5371.598049	-103.521038	4322
5372.653637	-106.846942	4323
5373.674586	-99.507158	4324
5374.700000	-105.107266	4325
5375.750670	-103.893598	4326
5376.774957	-98.035997	4327
5377.820924	-102.251690	4328
5378.867035	-105.041361	4329
5379.887233	-98.797709	4330
5380.917596	-106.796790	4331
5381.962677	-102.680744	4332
5382.992748	-100.523548	4333
5384.039528	-101.501920	4334
5385.069839	-105.080003	4335
5386.102256	-98.065693	4336
5387.134039	-107.848254	4337
5388.181030	-100.096815	4338
5389.207760	-103.451082	4339
5390.253764	-100.499885	4340
5391.284265	-103.944830	4341
5392.314745	-98.192276	4342
5393.343852	-108.083896	4343
5394.394271	-97.523890	4344
5395.423700	-104.877110	4345
5396.468830	-99.012346	4346
5397.492568	-100.968547	4347
5398.542429	-100.738600	4348
5399.578550	-105.623863	4349
5400.609334	-98.222282	4350
5401.644327	-104.403892	4351
5402.686982	-97.541301	4352
5403.708885	-101.026494	4353
5404.762318	-101.298238	4354
5405.785085	-100.750429	4355
5406.838538	-100.713368	4356
5407.869283	-102.756085	4357
5408.895129	-98.180990	4358
5409.931467	-102.869275	4359
5410.963127	-99.381845	4360
5411.997590	-99.825512	4361
5413.055512	-100.857822	4362
5414.082589	-99.239366	4363
5415.116856	-100.537908	4364
5416.153742	-101.829243	4365
5417.180371	-98.216723	4366
5418.223928	-100.610818	4367
5419.251162	-98.604761	4368
5420.293229	-99.432267	4369
5421.332674	-100.545062	4370
5422.365298	-100.498648	4371
5423.393465	-98.060707	4372
5424.442705	-101.298586	4373
5425.469271	-96.247594	4374
5426.515046	-101.509314	4375
5427.546102	-98.865969	4376
5428.589252	-100.707067	4377
5429.612718	-98.580566	4378
5430.661050	-100.032298	4379
5431.688231	-96.260792	4380
5432.727748	-101.392373	4381
5433.750115	-96.703793	4382
5434.807148	-99.607850	4383
5435.832247	-98.219519	4384
5436.875269	-98.334214	4385
5437.910149	-97.883461	4386
5438.936644	-99.856229	4387
5439.981957	-96.747685	4388
5441.007419	-98.552351	4389
5442.049703	-98.578996	4390
5443.087068	-97.413428	4391
5444.114610	-97.430374	4392
5445.157262	-99.582072	4393
5446.194337	-96.860196	4394
5447.225901	-98.847344	4395
5448.272450	-98.326135	4396
5449.303482	-97.357512	4397
5450.338069	-97.911389	4398
5451.371233	-99.305008	4399
5452.416985	-95.700101	4400
5453.437741	-99.080664	4401
5454.494317	-97.476759	4402
5455.515165	-97.451631	4403
5456.561207	-97.410156	4404
5457.596100	-99.315707	4405
5458.623532	-95.955367	4406
5459.660449	-99.866718	4407
5460.701132	-95.804640	4408
5461.734131	-98.695726	4409
5462.771190	-96.126694	4410
5463.812040	-98.590665	4411
5464.842548	-95.020933	4412
5465.869834	-99.054856	4413
5466.920657	-94.018767	4414
5467.945400	-98.339114	4415
5468.993449	-95.303608	4416
5470.021956	-97.863185	4417
5471.060905	-95.149647	4418
5472.092106	-98.264536	4419
5473.135785	-94.462285	4420
5474.161015	-98.249151	4421
5475.216652	-94.381368	4422
5476.237664	-97.090225	4423
5477.278932	-95.438999	4424
5478.309383	-96.995239	4425
5479.346339	-94.930206	4426
5480.379290	-96.779374	4427
5481.421383	-94.144208	4428
5482.453580	-97.343759	4429
5483.496349	-95.200392	4430
5484.527918	-95.849545	4431
5485.565932	-95.673733	4432
5486.602678	-95.552527	4433
5487.630341	-94.785523	4434
5488.671923	-95.967609	4435
5489.712170	-94.705675	4436
5490.754164	-95.758000	4437
5491.776292	-94.591841	4438
5492.806424	-95.256309	4439
5493.859652	-94.440616	4440
5494.898605	-95.417212	4441
5495.926429	-94.073378	4442
5496.957868	-95.970424	4443
5497.993769	-93.447429	4444
5499.034803	-95.254857	4445
5500.071386	-94.283983	4446
5501.107890	-94.884380	4447
5502.138563	-93.526932	4448
5503.174035	-95.185185	4449
5504.206974	-92.628083	4450
5505.258136	-95.118427	4451
5506.277997	-92.537793	4452
5507.325841	-94.527161	4453
5508.350012	-93.971879	4454
5509.389324	-94.885226	4455
5510.428136	-92.270724	4456
5511.467516	-94.990827	4457
5512.501820	-92.959652	4458
5513.537230	-94.731299	4459
5514.579050	-93.718171	4460
5515.605605	-93.357158	4461
5516.645620	-92.826183	4462
5517.692877	-94.115676	4463
5518.715848	-92.200514	4464
5519.750911	-93.742693	4465
5520.788854	-92.599158	4466
5521.828771	-93.292947	4467
5522.863040	-92.940580	4468
5523.897034	-93.543976	4469
5524.940233	-92.098917	4470
5525.967911	-93.932046	4471
5527.006260	-92.511391	4472
5528.033366	-93.188104	4473
5529.085536	-92.146230	4474
5530.113012	-92.709234	4475
5531.156700	-92.023489	4476
5532.190077	-94.320895	4477
5533.229044	-91.696604	4478
5534.257052	-93.193209	4479
5535.305037	-91.650840	4480
5536.325690	-93.331548	4481
5537.372434	-91.352293	4482
5538.402910	-93.963270	4483
5539.439845	-90.414559	4484
5540.472932	-93.130242	4485
5541.523330	-90.380926	4486
5542.538691	-92.695656	4487
5543.586414	-90.239701	4488
5544.615965	-92.704881	4489
5545.652921	-89.971069	4490
5546.685167	-92.482363	4491
5547.734220	-90.353456	4492
5548.751449	-92.008364	4493
5549.805572	-91.133554	4494
5550.833796	-91.854420	4495
5551.876523	-89.965381	4496
5552.904223	-92.287425	4497
5553.945873	-90.205544	4498
5554.972185	-91.505837	4499
5556.017288	-90.719287	4500
5557.049668	-90.951094	4501
5558.090868	-90.695124	4502
5559.119830	-91.473268	4503
5560.159683	-89.746052	4504
5561.184898	-90.527265	4505
5562.235984	-89.921963	4506
5563.275709	-90.617238	4507
5564.305467	-89.745440	4508
5565.332929	-90.430394	4509
5566.378425	-89.947408	4510
5567.409308	-90.472878	4511
5568.450998	-89.624861	4512
5569.478694	-90.492638	4513
5570.515127	-88.562892	4514
5571.552186	-90.618890	4515
5572.584876	-88.646962	4516
5573.625150	-89.968161	4517
5574.664610	-89.003701	4518
5575.701190	-89.411761	4519
5576.738727	-88.438284	4520
5577.766291	-89.939651	4521
5578.803327	-88.893558	4522
5579.836058	-89.334086	4523
5580.880822	-88.601184	4524
5581.916278	-89.362003	4525
5582.950677	-88.486244	4526
5583.987601	-89.929133	4527
5585.017731	-88.727596	4528
5586.051703	-89.421075	4529
5587.093902	-87.920965	4530
5588.132891	-88.873913	4531
5589.156016	-87.956458	4532
5590.208174	-88.762972	4533
5591.240708	-87.866342	4534
5592.275652	-89.195812	4535
5593.306032	-88.460427	4536
5594.345189	-88.654191	4537
5595.377659	-87.609864	4538
5596.412120	-88.121091	4539
5597.463177	-87.845159	4540
5598.485764	-87.603906	4541
5599.530559	-87.103514	4542
5600.556445	-88.346913	4543
5601.603264	-87.509535	4544
5602.630935	-88.460009	4545
5603.673359	-86.765509	4546
5604.702391	-88.477726	4547
5605.745735	-86.849189	4548
5606.773221	-88.235791	4549
5607.816102	-87.445026	4550
5608.852074	-87.791298	4551
5609.886791	-86.193004	4552
5610.921250	-88.722758	4553
5611.969104	-86.942165	4554
5612.981965	-87.227301	4555
5614.035691	-86.265909	4556
5615.055882	-87.673091	4557
5616.103386	-86.187201	4558
5617.129311	-87.601069	4559
5618.178543	-85.786476	4560
5619.202483	-88.022872	4561
5620.254815	-85.939284	4562
5621.276200	-87.855772	4563
5622.323915	-86.546762	4564
5623.346697	-87.185187	4565
5624.390673	-85.992606	4566
5625.420499	-87.451386	4567
5626.458998	-85.247619	4568
5627.487569	-87.250084	4569
5628.538610	-85.252145	4570
5629.561860	-86.655781	4571
5630.609636	-85.921370	4572
5631.638224	-86.456966	4573
5632.677302	-85.706891	4574
5633.710050	-85.580941	4575
5634.744830	-85.207149	4576
5635.772888	-86.027950	4577
5636.825716	-86.150533	4578
5637.858034	-85.818446	4579
5638.897675	-85.783813	4580
5639.928861	-85.915555	4581
5640.961071	-85.109980	4582
5641.998782	-84.981343	4583
5643.036692	-84.339240	4584
5644.078567	-85.466797	4585
5645.109111	-84.745771	4586
5646.145702	-85.568974	4587
5647.187045	-84.656195	4588
5648.207907	-85.174377	4589
5649.243793	-84.766140	4590
5650.286509	-85.404616	4591
5651.324354	-83.945199	4592
5652.361385	-84.756253	4593
5653.398388	-84.022805	4594
5654.438717	-85.292923	4595
5655.473820	-84.402958	4596
5656.498172	-85.076746	4597
5657.539917	-83.843153	4598
5658.576011	-84.713690	4599
5659.606849	-83.830643	4600
5660.649076	-84.605353	4601
5661.686435	-83.781297	4602
5662.719520	-84.379957	4603
5663.757773	-83.550964	4604
5664.784799	-84.377468	4605
5665.824207	-83.212375	4606
5666.862080	-83.929858	4607
5667.900584	-83.232654	4608
5668.940847	-84.022918	4609
5669.967606	-83.274338	4610
5670.996697	-83.605084	4611
5672.044241	-83.177139	4612
5673.077630	-83.705319	4613
5674.124866	-83.499099	4614
5675.143720	-83.594085	4615
5676.189160	-82.912730	4616
5677.215742	-84.003606	4617
5678.261679	-82.740073	4618
5679.284521	-83.341398	4619
5680.349550	-82.162055	4620
5681.356930	-83.178552	4621
5682.406725	-82.474733	4622
5683.436455	-83.388778	4623
5684.468029	-82.090113	4624
5685.499316	-83.090417	4625
5686.558800	-81.858108	4626
5687.574417	-82.659264	4627
5688.623631	-81.680177	4628
5689.654232	-82.971315	4629
5690.688473	-82.149441	4630
5691.723368	-82.982679	4631
5692.771662	-81.772290	4632
5693.791916	-82.434288	4633
5694.847879	-81.597836	4634
5695.864576	-82.304329	4635
5696.906773	-81.291348	4636
5697.943015	-82.136783	4637
5698.978492	-80.518689	4638
5700.008950	-82.370664	4639
5701.052253	-81.342062	4640
5702.083600	-81.924365	4641
5703.124963	-81.395967	4642
5704.148873	-82.560279	4643
5705.188642	-81.596640	4644
5706.223985	-81.646046	4645
5707.272210	-80.519154	4646
5708.300344	-81.574315	4647
5709.342291	-80.944248	4648
5710.374213	-81.610001	4649
5711.405559	-81.062763	4650
5712.439328	-80.801201	4651
5713.490383	-80.595849	4652
5714.513668	-81.325207	4653
5715.555382	-80.645171	4654
5716.580190	-80.966513	4655
5717.617245	-80.022111	4656
5718.648659	-80.325997	4657
5719.696629	-79.680356	4658
5720.731260	-81.032158	4659
5721.769709	-79.961919	4660
5722.801566	-80.588334	4661
5723.837522	-80.519178	4662
5724.871292	-80.545438	4663
5725.907177	-79.899298	4664
5726.945993	-80.309606	4665
5727.988518	-79.867194	4666
5729.025746	-80.558702	4667
5730.057547	-79.598187	4668
5731.082419	-80.320168	4669
5732.120879	-79.591499	4670
5733.160622	-80.302565	4671
5734.201258	-79.147490	4672
5735.239743	-79.775789	4673
5736.271052	-79.205073	4674
5737.305724	-79.295140	4675
5738.338401	-78.485496	4676
5739.376414	-79.745927	4677
5740.413794	-79.536357	4678
5741.450691	-79.517013	4679
5742.491537	-79.453666	4680
5743.520282	-79.018411	4681
5744.554257	-78.730779	4682
5745.590927	-79.532158	4683
5746.626331	-78.225291	4684
5747.662728	-78.665786	4685
5748.709508	-79.029093	4686
5749.734622	-78.981743	4687
5750.780844	-79.050114	4688
5751.806490	-78.746109	4689
5752.845559	-77.730171	4690
5753.874663	-78.596152	4691
5754.924288	-77.666729	4692
5755.951109	-78.488462	4693
5756.997004	-77.691325	4694
5758.023555	-78.345104	4695
5759.058678	-77.712901	4696
5760.090050	-78.153299	4697
5761.129448	-77.153195	4698
5762.165845	-77.977017	4699
5763.212071	-77.261723	4700
5764.236418	-77.803010	4701
5765.275203	-76.974969	4702
5766.304822	-77.633689	4703
5767.347497	-77.012611	4704
5768.375427	-78.356492	4705
5769.425773	-77.061566	4706
5770.449396	-77.331918	4707
5771.498051	-77.031780	4708
5772.523685	-78.069087	4709
5773.566840	-77.260643	4710
5774.588782	-77.258003	4711
5775.646606	-76.543918	4712
5776.667849	-77.130847	4713
5777.713835	-76.539337	4714
