time (s)	theta (A)	maj axis/z0	min axis/z0	crossing#mod 255
6533.044290	29.121233	1.407006	0.217950	19
6535.118334	29.034883	1.404350	0.216083	21
6537.190270	29.766962	1.406472	0.212478	23
6539.258399	30.359365	1.411951	0.208812	25
6541.328958	30.704630	1.411193	0.207383	27
6543.403246	30.550310	1.390716	0.209411	29
6545.480267	30.596901	1.394150	0.205699	31
6547.548314	31.075233	1.402994	0.199042	33
6549.618701	30.889940	1.397990	0.201694	35
6551.696318	30.916592	1.380014	0.203156	37
6553.767245	31.257240	1.399627	0.195585	39
6555.834859	31.332596	1.399802	0.195411	41
6557.910363	31.215052	1.380185	0.198935	43
6559.986519	31.416790	1.383332	0.194501	45
6562.055161	31.864429	1.390065	0.189932	47
6564.124222	32.243462	1.389482	0.189511	49
6566.196892	32.202229	1.382186	0.189415	51
6568.272206	32.134777	1.371334	0.188739	53
6570.346021	31.802399	1.370950	0.187635	55
6572.418990	31.875963	1.370768	0.185519	57
6574.491467	31.832024	1.370806	0.184662	59
6576.563500	31.833256	1.373371	0.183614	61
6578.635016	32.276333	1.373502	0.182494	63
6580.705198	32.736328	1.370908	0.181332	65
6582.775521	33.615658	1.372671	0.179516	67
6584.846081	34.197140	1.362683	0.176092	69
6586.920328	33.533188	1.359341	0.173369	71
6588.996221	32.313667	1.356586	0.173873	73
6591.068292	32.526379	1.363894	0.175553	75
6593.136335	34.323898	1.361360	0.173468	77
6595.206333	34.888626	1.353220	0.168667	79
6597.282403	33.428535	1.349851	0.167165	81
6599.356927	32.778584	1.355969	0.169630	83
6601.427414	33.724239	1.358657	0.170092	85
6603.495324	35.172192	1.353199	0.166172	87
6605.566897	35.204594	1.345302	0.163467	89
6607.640877	34.782669	1.343752	0.162145	91
6609.715119	34.137169	1.340114	0.162187	93
6611.788895	33.783516	1.339838	0.162038	95
6613.861410	34.044682	1.340406	0.161062	97
6615.933411	33.995590	1.337511	0.160252	99
6618.005745	34.270397	1.337519	0.159420	101
6620.077646	34.508991	1.333594	0.158350	103
6622.148575	34.818615	1.337241	0.156385	105
6624.218867	35.437870	1.339727	0.154940	107
6626.288489	35.729408	1.341484	0.153673	109
6628.358888	35.871418	1.337120	0.152884	111
6630.432008	35.689651	1.331277	0.153689	113
6632.507373	35.405376	1.322393	0.154348	115
6634.581873	35.494759	1.323627	0.152046	117
6636.652281	35.816181	1.325950	0.149539	119
6638.720508	36.030861	1.332402	0.147898	121
6640.790559	36.281666	1.327801	0.147864	123
6642.864112	36.027611	1.316518	0.148767	125
6644.938970	36.115925	1.313175	0.147756	127
6647.012932	36.005127	1.310356	0.146197	129
6649.085220	35.821156	1.313764	0.144694	131
6651.156019	36.088509	1.312159	0.143644	133
6653.226684	36.200188	1.308822	0.142671	135
6655.297592	36.582008	1.310719	0.141469	137
6657.369278	36.552944	1.306332	0.141205	139
6659.441199	36.753342	1.307587	0.140384	141
6661.513539	36.679340	1.305319	0.139620	143
6663.586493	36.372616	1.304031	0.139278	145
6665.659352	36.286419	1.301222	0.138882	147
6667.731397	36.237762	1.298703	0.138752	149
6669.802330	36.677673	1.301768	0.138385	151
6671.871869	37.461601	1.299713	0.138014	153
6673.941547	38.041946	1.299526	0.136932	155
6676.012359	38.375412	1.297314	0.134915	157
6678.085689	38.157463	1.292632	0.133119	159
6680.160543	37.297577	1.289737	0.133133	161
6682.234436	36.762138	1.292306	0.134265	163
6684.306401	37.096642	1.293993	0.134925	165
6686.376474	37.696991	1.292674	0.134521	167
6688.445950	38.246162	1.290713	0.133163	169
6690.516218	38.664379	1.286698	0.132007	171
6692.587235	38.854733	1.286522	0.131162	173
6694.658661	38.929085	1.285974	0.130289	175
6696.730713	39.055550	1.282773	0.129612	177
6698.802428	38.947262	1.276984	0.128745	179
6700.874144	39.065273	1.277045	0.128190	181
6702.946001	39.169685	1.276768	0.127820	183
6705.017991	38.971996	1.271989	0.127682	185
6707.090787	38.977901	1.272846	0.127450	187
6709.163983	38.904499	1.268848	0.128198	189
6711.237635	38.779503	1.265831	0.127826	191
6713.311551	38.753433	1.259504	0.127349	193
6715.384140	38.638096	1.260825	0.125938	195
6717.454573	38.930431	1.259385	0.124869	197
6719.523823	39.213638	1.264270	0.123326	199
6721.593038	39.555141	1.264655	0.122940	201
6723.663565	39.473747	1.259135	0.123081	203
6725.736037	39.535397	1.258429	0.123368	205
6727.809492	39.521847	1.253352	0.123838	207
6729.883056	39.448750	1.253122	0.123489	209
6731.956321	39.416920	1.248724	0.122983	211
6734.028856	39.269630	1.249621	0.122496	213
6736.101032	39.277237	1.246268	0.121861	215
6738.172846	39.252048	1.244556	0.121435	217
6740.244701	39.351460	1.245993	0.120887	219
6742.316228	39.412300	1.244733	0.120798	221
6744.387411	39.591995	1.243811	0.120195	223
6746.458196	39.859131	1.241163	0.119969	225
6748.528361	40.156494	1.241496	0.119429	227
6750.598187	40.602005	1.238424	0.118886	229
6752.668475	40.920845	1.237230	0.117875	231
6754.739513	41.127251	1.235624	0.116612	233
6756.811916	41.054352	1.232818	0.116091	235
6758.885830	40.612385	1.229873	0.115773	237
6760.959595	40.134186	1.227278	0.115951	239
6763.033312	39.803406	1.228479	0.116067	241
6765.105566	39.971405	1.228733	0.116393	243
6767.176782	40.070820	1.227168	0.116681	245
6769.247419	40.511051	1.228058	0.116164	247
6771.317496	40.822083	1.223084	0.115625	249
6773.388001	41.168701	1.224276	0.115272	251
6775.459122	41.196369	1.222973	0.114815	253
6777.530612	41.291237	1.223761	0.114318	255
6779.602284	41.271019	1.220228	0.114557	1
6781.674355	41.349380	1.217316	0.113770	3
6783.746807	41.201599	1.214263	0.113918	5
6785.819545	41.361729	1.213562	0.113857	7
6787.892386	41.203949	1.210257	0.114071	9
6789.965084	41.271713	1.211542	0.113584	11
6792.037374	41.129772	1.209408	0.113506	13
6794.108708	41.345261	1.212167	0.112954	15
6796.178967	41.496384	1.211702	0.112096	17
6798.248573	41.708611	1.212988	0.111317	19
6800.318162	42.011723	1.213178	0.111069	21
6802.388692	42.096432	1.210358	0.110696	23
6804.459749	42.110600	1.207661	0.110666	25
6806.531841	42.138802	1.206781	0.110791	27
6808.604416	42.121578	1.201620	0.110877	29
6810.677234	42.058292	1.200649	0.110834	31
6812.749807	42.115967	1.198291	0.110844	33
6814.822036	42.150227	1.195429	0.110870	35
6816.894008	42.110611	1.192640	0.110398	37
6818.965483	42.253040	1.193479	0.110140	39
6821.036621	42.389256	1.192396	0.110172	41
6823.107436	42.463573	1.192313	0.110033	43
6825.178195	42.727058	1.194722	0.109974	45
6827.248867	42.920853	1.193701	0.109674	47
6829.319415	43.109512	1.191374	0.108940	49
6831.390335	43.291092	1.186647	0.108451	51
6833.462274	43.308201	1.184672	0.108057	53
6835.535166	43.117981	1.184498	0.107615	55
6837.608537	42.856796	1.180337	0.107922	57
6839.681973	42.485634	1.179460	0.107920	59
6841.754855	42.340427	1.178401	0.108427	61
6843.827488	42.169956	1.177575	0.108141	63
6845.899359	42.407024	1.176784	0.108130	65
6847.970581	42.543835	1.171823	0.108023	67
6850.041568	42.702030	1.172270	0.108000	69
6852.112729	43.011501	1.172129	0.107979	71
6854.184019	43.018600	1.167959	0.108217	73
6856.255082	43.174797	1.169517	0.107485	75
6858.327110	43.274082	1.164843	0.107828	77
6860.398722	43.240341	1.165267	0.107234	79
6862.470878	43.322224	1.162830	0.107223	81
6864.543174	43.297077	1.160508	0.107189	83
6866.614749	43.228897	1.157516	0.107014	85
6868.686476	43.310287	1.158359	0.106708	87
6870.757383	43.449894	1.155239	0.106069	89
6872.827814	43.492908	1.155632	0.105536	91
6874.897685	43.838173	1.154487	0.104972	93
6876.967460	43.957882	1.154069	0.105360	95
6879.037475	44.206547	1.156499	0.104904	97
6881.107766	44.309330	1.153773	0.105282	99
6883.179159	44.366280	1.152880	0.104968	101
6885.251068	44.455235	1.151569	0.105051	103
6887.323071	44.391296	1.149973	0.105192	105
6889.395292	44.495308	1.148351	0.105287	107
6891.467362	44.366093	1.146486	0.105654	109
6893.539266	44.471439	1.145546	0.105507	111
6895.610693	44.604511	1.143686	0.105634	113
6897.682147	44.627808	1.144418	0.105377	115
6899.753232	44.854336	1.144720	0.105111	117
6901.823959	44.914696	1.142727	0.105244	119
6903.894912	45.093498	1.142001	0.105106	121
6905.966058	45.319332	1.141436	0.105243	123
6908.037100	45.275063	1.141469	0.104862	125
6910.109159	45.346848	1.140464	0.104783	127
6912.181722	45.231972	1.135058	0.104727	129
6914.254685	44.976143	1.132613	0.104321	131
6916.327773	44.729774	1.131456	0.104741	133
6918.400778	44.518692	1.127769	0.104187	135
6920.473137	44.365150	1.126844	0.105033	137
6922.545385	44.499027	1.127098	0.104949	139
6924.617024	44.513577	1.124394	0.105321	141
6926.688711	44.619232	1.123816	0.104818	143
6928.759955	44.723454	1.122326	0.105435	145
6930.831435	44.832916	1.122222	0.105191	147
6932.902526	44.983578	1.120001	0.104608	149
6934.973972	44.951122	1.115048	0.104702	151
6937.045912	45.008091	1.113603	0.104394	153
6939.117906	45.067314	1.110925	0.104437	155
6941.189210	45.118176	1.112312	0.104620	157
6943.260558	45.291641	1.112590	0.104564	159
6945.331445	45.309917	1.112204	0.104434	161
6947.402058	45.416885	1.111365	0.103943	163
6949.472390	45.689308	1.111065	0.103687	165
